NA
NA
NA
NA
NA
NA
NA
NA
NA
0.315023287052338
0.452799944952607
0.167974913313116
0.271026031352437
-0.449425403322154
-0.113057602129289
-1.02653385225636
-0.481952170682597
1.19536023184228
-0.525348001009993
0.886826338993527
0.562212004852804
0.142263458726733
1.99231118648025
1.53125588489025
1.42936385306222
-0.278680146640498
-0.891798673341088
-1.24450150162951
-0.546154844892379
-0.546961371572761
-0.454115965304901
0.673948606946102
-0.988794534782769
-1.02642302427522
-0.548251002713684
-0.385868601508804
0.658770456478696
0.974124178695821
0.171364077483175
0.69581186266766
0.67945251377471
0.964767159308561
-0.865878535423671
-1.55746855343682
-0.490051799497771
0.562702543185038
0.50374040020452
0.148430463186255
-0.490994500395766
-0.223266665541645
1.62031427271687
1.32448801486344
-1.28861336800695
0.153617782425906
0.175364391700148
-0.296095576079631
-0.0456090777080907
-0.245141673724767
0.55787688249039
0.440956743541353
0.843889651367887
0.299022227277349
-0.000909485517143505
-0.533509745433701
-0.443960954641862
-0.190191424837554
0.738247516977953
0.430202697993817
0.0867642976917201
0.0659947779009919
0.6132169312421
0.021280449463396
1.28562478999594
0.517767519763444
1.41647135607255
-0.0510493187139354
0.0784343623623628
NA
0.178710926363726
0.805403273555958
0.227865043494044
1.0389513721764
1.15734303453719
0.380408363648295
-0.371167788032357
0.77650846813038
0.824415331651752
0.194590472807708
1.35036871856075
-0.000352194530071229
-0.472013891943531
-0.534938327887239
0.285023518762741
0.689127484051119
0.566526806783929
-0.13577465973714
1.53460723230068
1.49734889740999
0.131966763783409
0.19136897222942
-0.377396502260584
1.24972304538057
-0.185566196533985
-0.589524466106713
-0.00104959178174098
0.666908907224846
0.494656774812973
1.29086264373911
0.322064842040883
0.173226171541626
0.689486389479163
0.673230944779049
1.36098183088681
0.0296042951033113
1.73078806182957
-0.149736173535564
-0.0258474664857735
0.373991147693608
0.365734698534655
0.221435798932495
-0.359374828520932
1.20850063943768
-0.206723832900887
0.438271320314601
1.10951539586846
-0.736941248568871
0.588970309526869
0.818942627794545
1.13043207345611
-0.0591985706596296
0.970073976027135
0.741370964698844
1.00851193803982
-0.935666448752543
0.388884432067843
0.852806439948765
1.34514056157108
0.323395498596384
1.2415432455507
0.0734974373568018
0.963891208449884
0.564054056491767
1.54681340163133
1.11004958062848
2.0904793473157
0.876174350292837
1.43309516410329
0.771826423129853
0.999819617790076
0.619817353773864
0.274388667895517
2.17588119126025
1.53495038466708
1.3349144395711
1.04949397453906
1.15469653663248
0.623572051325952
1.03263222666987
0.867128531631507
0.383989549422876
1.27207296111643
1.23210719236008
1.66884671357617
0.911438811149623
-1.83701041121901
-1.09965899946122
-0.549009018137124
-1.96297687836565
-1.96457800669736
-1.22149213403643
-1.23982590486124
-0.632780001641426
-0.672032376127733
-1.12248063613069
-0.129337103399949
-2.19102235997128
-2.28274834703281
-0.72831289913228
-0.578356720030519
-1.49832898901241
-0.815085040244923
-1.00657137144903
0.664693552707169
0.285350877882102
-0.271574642770379
-0.094731804634206
0.405154650921736
-0.113219176184828
0.55348772130691
-1.8004686757863
0.127477252857445
-0.628247592051333
-1.6613611816965
-1.61921996164102
-1.21958129853798
-2.00160648511834
-1.81814323273504
-1.45115156091611
-0.435432789861099
-0.759253156220248
-0.998199916507917
-1.72687893594562
-1.43729700587371
-1.38464297206385
0.216703697801729
-2.16018162359609
-2.09305248684691
-1.76477059380866
-2.25867741531432
0.0436035738662733
-1.68446303677563
-1.03723888390846
-1.83296044140155
0.590761909396802
-1.06119701760307
-0.194318799361515
-1.64126516838349
-0.953736398372948
0.0583254074243376
-0.591468476173014
-0.768518532992084
-0.436494586576792
0.420422313173992
0.311312053300415
-0.716553159475382
-1.38891841558126
-1.66255604739216
-0.721869267876766
-1.24272360985356
-0.702778716527187
-2.10305173176289
-0.00698972486147227
-0.0894921558765225
-0.837872476592911
-0.565035210301717
-0.548731937594579
-1.61666337961099
-0.490146736641198
-1.14708757220477
-1.66101156706739
-0.471584471439703
NA
-1.6780502059768
-0.616543846354926
1.57964941080858
-0.548409108128103
-1.82746426376373
0.0662733867860407
-1.73494624503731
0.40503538946484
-0.259504145970751
0.108070783407408
-0.133391625646041
-0.816729993635278
-0.591472522622423
-0.595093439324424
0.459610975707865
0.743580870228657
-1.24413355817347
-1.07601583081805
-1.48908200166924
-0.821561335675369
-0.0456344096833557
0.532041093121699
-1.04142797067372
-1.00732887519231
-0.213645051693805
0.470549612095433
-0.250150315442985
0.328590978462781
-1.17853943523094
0.784273730447081
-0.351765540338699
-2.02594666697461
-2.08439452989084
-1.70010336508974
0.248683317385716
-1.14549026017975
-1.71049354713743
0.642609788925664
-0.880986806055946
0.346878196831842
-0.794173783347367
-0.368526083144764
-1.98447960473167
-2.01110171054718
-1.17069116600128
-1.16088561071474
-1.49344024983973
-1.45263336374817
-0.695502134944307
-0.706354519742257
0.310443394356418
-0.469935579883566
-0.124098818039812
-1.5349677727315
-0.283205766976021
-0.317828754032935
0.0601198158986309
-0.275279061266391
0.236758917174524
0.364709589262788
-0.762088370629657
0.790475891403143
0.154008403388194
-0.394875291140823
0.0526038390861351
0.492919686077429
-1.55855809122077
-0.790970619458618
-1.6780378462094
-1.42120391698262
-1.28908363385693
0.230317886638432
0.326841083861875
-0.683226764361197
-0.645826525227542
-0.251632131354149
0.197400844006342
-0.844310177013365
-0.620136843430327
0.208727212593173
0.875179703849971
-0.106435015426378
0.316931760111278
-0.433958030934989
0.0761791552012305
-0.489082454099986
0.591800097803139
-1.84510587373147
-1.35587244198815
-1.18685155577898
NA
-1.21344945065162
-0.68681379057689
0.051444866014497
-1.17609890201727
-1.70189117502542
-1.24201759250039
-1.51273510691211
-1.46369906832216
-1.50769810801018
-1.65501238985754
-0.830094927720413
0.156927475168324
0.0481779475398694
0.370042766336502
-0.395402048596124
-0.285134268410143
-0.271766273797014
-0.273245388725991
-0.297894068514499
-0.757838726045193
-1.22017062450771
0.277954256705106
-1.4972307645993
-0.610884175123071
-0.949078618101587
-0.405630237585302
0.860144119630921
-0.688541046931982
0.341911422729667
-0.768311682206604
-0.718525740275169
-1.14893453543795
-1.04717220188327
-1.71352659144208
-2.02476164869976
0.493725152950672
-1.54413408754046
-0.731731831264892
-0.578949957174825
-1.00456792621423
-1.01609502711291
-1.67479329810034
-0.296726661229228
-0.673242417740272
-0.960393474556772
0.275445999170506
0.705128134928199
0.35350610953458
-0.264476120948225
-0.262175920410232
-0.157177376966832
0.156864145934022
0.46575899782117
-0.555455258080248
-0.133333140408286
0.180824605320501
-0.219871808033357
-0.511365505401511
-0.144476452674792
-1.47859049248101
-0.729012566997586
-0.362249000270032
-1.32167691838253
-1.26410827569145
-0.950350579462566
0.130676779511868
-1.27392882831112
-1.39722801704618
0.654722009494457
-0.483687049411908
-0.612037684719755
-0.373185308051418
-0.713298434819391
0.365582565169799
-0.0712097237752355
0.734114027116978
-0.495592033589018
-0.329733180681975
-0.16517475514884
0.0263680492710173
0.368171523535448
0.843753438481877
-0.232915021650025
-0.500341597895109
-1.06208712821431
0.948966880972521
-1.10080341866021
-0.892714217919064
-1.59254120712972
-1.49697419500312
-1.3995809983896
-1.35964623075576
-1.18794719257864
-1.04997600702075
0.00721415850525054
-0.742384847825363
0.0494619165903767
0.316643771883482
-1.07192503503186
0.126775956050833
0.77050096386908
0.686704176693664
0.805315469058942
0.113214833958811
0.245243086742804
-1.43919343470276
0.941413543572048
-0.270463852550847
1.03627079990745
-1.15197262823966
-0.706399578256814
-1.45380428658434
-1.66756740841643
-1.79835255769901
-1.17854684906571
-1.41580584599236
-1.48786525992635
-0.111390231066417
-0.560200950611509
-0.451198391162332
-0.950524412072044
0.355741777372693
-1.1878858952749
-0.345317678095724
-1.15802227205815
-1.06571584315912
0.0622747395711171
0.811773460803536
0.0556693737028145
-0.925975635900848
0.159296073452244
0.378856292604708
-0.049628435660099
-0.454500427448475
-1.49376349438642
-0.717883232864794
-0.731093148350551
-1.97706007464516
-1.1935907179554
-0.595401129095375
-0.386046260434003
-0.083939261005047
-1.32910439562774
0.921726559627818
1.14067809176738
0.266963842540855
-0.887757731176569
-0.342461982856635
-1.55296499931262
-0.75367722108831
0.10938778026205
0.877480655244339
-0.057377638372058
0.660414597100762
0.777287587152875
0.281719728260875
-0.0225597795877362
0.23913833353213
0.198711090981299
-1.07112023638877
0.176695865792073
0.277605659595869
0.620800396687936
0.257483284738658
-1.24243022272759
0.0159192437716567
-1.10034437437019
-1.40022325715893
-0.945454688196436
0.0732929999030012
0.2741525337832
0.0416302485365498
-0.504242229665148
-1.16689968237583
-0.565162524570594
-0.883139860070081
-0.0208868770707659
-0.779977145033811
-0.191779386062888
0.22022578656644
0.677893382585999
0.367202410423155
0.760947153018199
0.0397955405474306
-0.0975530619247728
0.275030074396554
0.925166662596968
1.48574968847976
-0.381572940513044
-0.842216099794666
-0.648683437720769
0.680102972545417
0.331073838189314
-0.0364463049547528
0.600164714667498
0.0547057113929113
0.14953597125725
-0.0320982013805249
-0.447778489802288
-0.752149478604648
-0.49339036319034
0.736038979443732
-1.34190677724206
-0.328958834527746
-0.119532475500061
-0.97860748056264
-0.302346665417181
0.410441275482744
-0.20998284910041
-0.302697327323715
-0.129136086168036
-0.293006668737502
-0.7367601019728
0.13622019739494
-0.0881822739278096
0.769776852038819
0.0100259919614613
-0.125026829875788
0.988553890269368
-0.314263027823151
0.521774381346426
0.335100014283412
NA
0.982230223507457
0.980902422919168
-1.02140012582365
0.551673476038756
1.08182107741184
-1.03097534640671
-0.459106046249375
-0.257640063105777
-0.971745184862674
-0.213664001918935
0.438689251226919
-1.54490799656795
-0.81078977458541
-0.377581330570267
-0.762831903031247
-0.797229295880129
0.542784912182416
-1.09519157902844
-1.35262454134442
-0.148153589203538
-1.35795313960001
0.929717064128328
NA
1.64375287612999
1.05380888379992
0.686527099144226
1.22024185210449
0.839392682269112
0.626550714355164
0.64264695278241
1.31527442135726
0.965059164818682
-0.30777871460875
-1.00812623599765
-0.155557618425047
-0.230753632949743
-1.11601504429517
-0.814224588657219
-0.784290925350703
0.0181208912050912
-0.22222202706771
-1.00199039643038
0.194497819048252
0.965746233529974
0.175615976212816
-0.649376497398807
-0.458527884525526
-0.423002976689368
-0.594652809428193
-0.456125182271878
0.756759406486143
-1.20607774544771
-1.37312893981412
1.02138972507247
-0.023662852482996
0.649802155085222
1.07101065328941
1.66102138010144
0.400853002560418
-0.712601655555926
0.364357925306818
-1.56702879961265
-0.803492887119421
-0.806912151915189
-0.598827540643749
-0.390013292747784
-0.309501092327656
-0.0860972581664232
-0.775890227437861
-0.150928515276456
-0.0793207847250326
0.469355111920875
0.519600485128836
-0.3372533879233
0.507970725799924
0.0730023323472341
-0.274182098632277
0.214367178011893
0.274108662721526
0.025866190467693
0.426785350762521
0.737514800530577
0.614904346777512
-0.0309229756319578
0.524734404689878
0.868745161650363
0.457687815204132
1.0396950977343
-0.341824176440253
-0.0140789144426182
0.392160721563824
-0.174655323696202
0.22714652376159
-0.315546050443203
0.338136642609688
0.0860297106104118
0.29116471977472
-0.0304898635636611
1.09090220403449
0.614554537444195
0.0178671636786845
0.493614951952481
0.60888719398178
-0.558971184408406
1.10858674746606
-0.165274171046248
-0.420890519251625
1.41971145256532
0.72372231550446
0.912053868256107
1.50974546701918
0.170668875955892
0.118540867597204
-0.213943401601507
0.718727618521686
0.478230639208891
0.00590269042170231
NA
NA
0.669011295293316
0.334405874541718
0.438958051528102
0.60282923086687
1.37808812954694
0.933896457500867
-1.28762871039907
0.83838180698284
1.31715929282115
1.62596078511113
-0.372654319617619
0.145621227109054
-0.790695428694631
0.217302576652264
0.898059856635222
-0.211337665499724
-0.391722522646175
-0.8400667795809
-0.248346802373991
0.5881177163181
0.238502663109393
0.106056515412089
-0.278949569741385
0.356299235874954
0.232018271183451
-0.452511534549602
-0.138208280620934
0.830126648544763
-0.147122191747209
0.961365134082361
-0.0989439713329446
0.165204171160224
-0.000455936086993338
1.07551966002557
0.834830383795717
-0.310200974815099
-0.154645395663549
0.415468487805241
-0.509667525705825
0.278117523848608
0.0795027898794779
-0.293049401619687
1.61751682769249
-0.586703354654271
1.53950559451729
0.946426214791999
1.37147278223402
0.631945485291512
0.397171827518721
1.42270331432581
0.240990372428162
-0.327444587873116
0.585520180374281
-0.030950899950569
1.36384906008549
0.222610467410011
0.9764966314441
0.0722830940703531
0.367815357329513
0.271427441047674
-0.202158361993898
-0.344559663108114
-0.0965940648132848
0.83259498837713
1.61065060940019
1.3095603444615
0.459870403356945
-0.231943301969276
0.576300438659916
-0.87323396392486
-0.0187696972733188
0.127244839132249
0.746640533387636
0.371263906732851
1.00039545778717
0.45589290026108
0.520718644174442
1.17196563890599
0.104483454828758
0.899030514369363
0.392079464482574
1.96851633739557
0.518369609688574
1.23543062812899
0.535421143498238
0.31376791533953
0.145097255845394
0.815843349952389
0.707126960345129
0.301277692565697
-0.845532879487188
0.114938258576206
-0.0870180442894015
0.757484345180871
0.563740786004642
0.454579362027169
0.53018790979986
0.680221701166281
0.84673397465201
0.707531518216188
0.8247128404323
-0.516463917802371
-0.0556130341669837
0.776227430284454
1.47477321856254
1.67191502712126
0.83855278452912
1.21539115889707
-0.172808792556705
-0.0634803416696265
1.37870859487278
1.19865561643661
0.721594487975483
-0.510552110438904
1.10740866368088
1.65639534915076
0.909614195332428
1.06253043497129
-0.0378064314872106
0.275489475442881
0.52917449895957
0.381976258102607
0.802268872452437
0.71122707899282
0.102039971733679
0.811922144888578
0.0489249872329126
0.727143176119903
1.02720096984268
-0.110357041585206
0.577970423383954
0.943549593963969
-0.557511575699437
0.841240721693561
1.64867181048402
1.43508925236932
0.646348675833501
1.43264168887169
0.471594531573317
-0.461656737502788
0.370488633779335
1.24699515007518
0.992802268551779
1.14452934461168
1.07517518552064
1.02006455557375
-0.28016477820593
0.146766888249656
0.727504199272419
0.53608021933069
0.3897884111304
0.873147286653854
-0.282843278057125
0.783858494555711
0.802922253627214
0.592292225383596
1.62584112013364
0.859417965962654
0.72175606357423
1.13253843924924
0.558767765909372
0.776079470359703
1.10301798776328
0.811809472420143
-0.360263897617397
0.0490124000040435
1.11990156894641
1.06500693249378
1.19007263852301
1.44793166265509
1.33815780548308
0.439215915297189
1.49957412626389
0.977234720359145
0.126697952501045
0.972221808472837
0.830125131494132
0.5296388170204
0.309284408205937
0.186288346618495
0.602278132285132
0.564637241703712
0.908945663181134
1.00661206146357
0.376733272200234
1.54007695589778
1.22962496970269
0.415990759938413
-1.00068501247857
-0.104214768979337
1.30833343594914
-0.600258703153996
1.56970067618513
0.313458404692957
1.20629057514827
1.90373532428733
0.691075552235199
1.29071265076124
1.807540043062
1.98479531533341
1.3468580198012
1.5219640965844
1.35701123775886
1.71105184950142
1.43580431355444
1.25202128046404
0.94523356038967
1.38893292944674
0.764282748959725
0.986336181388737
1.81175846320781
1.02649961484015
0.780980914355869
